sample: 3936 1289 3583 4
sample: 3936 1289 3583 4
sample: 3936 1290 3584 2
sample: 3936 1290 3584 2
sample: 3936 1290 3586 10
sample: 3936 1290 3586 10
sample: 3936 1290 3586 9
sample: 3936 1289 3585 9
sample: 3936 1289 3585 9
sample: 3936 1289 3586 3
sample: 3936 1289 3586 3
sample: 3936 1289 3584 4
sample: 3935 1289 3584 4
sample: 3935 1289 3584 10
sample: 3935 1289 3583 10
sample: 3936 1289 3583 10
sample: 3936 1289 3585 0
sample: 3937 1289 3585 0
sample: 3937 1289 3585 4
sample: 3935 1290 3585 4
sample: 3935 1290 3585 2
sample: 3935 1290 3585 2
sample: 3935 1290 3585 2
sample: 3935 1289 3586 0
sample: 3935 1289 3586 0
sample: 3935 1289 3587 8
sample: 3935 1289 3587 8
sample: 3935 1289 3587 8
sample: 3936 1289 3587 8
sample: 3936 1290 3587 8
sample: 3936 1290 3587 8
sample: 3936 1290 3587 0
sample: 3936 1290 3587 0
sample: 3936 1290 3587 0
sample: 3936 1290 3586 0
sample: 3936 1290 3586 0
sample: 3936 1290 3586 3
sample: 3935 1290 3586 3
sample: 3935 1290 3586 0
sample: 3936 1290 3586 0^?8
sample: 3936 1290 3586 3
sample: 3937 1290 3585 3
sample: 3937 1290 3585 3
sample: 3937 1290 3581 3
sample: 3936 1290 3581 3
sample: 3936 1290 3575 3
sample: 3935 1290 3575 3
sample: 3935 1290 3581 0
sample: 3931 1289 3581 0
sample: 3931 1289 3581 3
sample: 3931 1288 3580 3
sample: 3928 1288 3580 3
sample: 3928 1288 3581 0
sample: 3929 1288 3581 0
sample: 3929 1288 3581 13
sample: 3928 1289 3581 13
sample: 3928 1289 3581 0
sample: 3928 1288 3583 0
sample: 3928 1288 3583 0
sample: 3928 1289 3583 0
sample: 3928 1289 3583 0
sample: 3928 1289 3582 0
sample: 3929 1288 3582 0
sample: 3929 1288 3582 4
sample: 3928 1288 3592 4
sample: 3928 1288 3592 4
sample: 3928 1288 3592 3
sample: 3928 1288 3592 3
sample: 3928 1288 3592 0
sample: 3927 1288 3592 0^?8
sample: 3927 1288 3592 6
sample: 3928 1288 3592 6
sample: 3928 1288 3592 6
sample: 3928 1289 3593 6
sample: 3928 1289 3593 6
sample: 3928 1289 3593 2
sample: 3927 1288 3593 2
sample: 3927 1288 3593 0
sample: 3927 1288 3593 0
sample: 3927 1288 3593 0
sample: 3927 1288 3591 0^?8
sample: 3927 1288 3591 0
sample: 3927 1289 3591 6
sample: 3927 1289 3591 6
sample: 3927 1289 3591 0
sample: 3928 1288 3591 0^?8
sample: 3927 1288 3594 0^?8
sample: 3927 1288 3594 5
sample: 3927 1289 3594 5
sample: 3928 1289 3594 5
sample: 3928 1289 3593 9
sample: 3927 1289 3593 9
sample: 3927 1289 3593 6
sample: 3927 1289 3593 6
sample: 3927 1289 3593 5
sample: 3927 1289 3593 5
sample: 3928 1289 3593 5
sample: 3928 1289 3593 2
sample: 3928 1289 3593 2
sample: 3928 1289 3592 9
sample: 3928 1289 3592 9
sample: 3928 1289 3592 3
sample: 3928 1289 3593 3
sample: 3928 1289 3593 3
sample: 3928 1288 3592 4
sample: 3927 1288 3592 4
sample: 3927 1288 3591 19
sample: 3928 1289 3591 19
sample: 3928 1289 3591 0
sample: 3928 1288 3592 0
sample: 3928 1288 3592 0
sample: 3928 1288 3592 0
sample: 3928 1288 3592 0
sample: 3928 1288 3591 4
sample: 3928 1288 3591 4
sample: 3928 1288 3591 11
sample: 3928 1288 3591 11
sample: 3928 1288 3591 11
sample: 3928 1288 3591 8
sample: 3927 1288 3591 8
sample: 3927 1288 3587 0
sample: 3927 1286 3587 0
sample: 3927 1286 3587 6
sample: 3927 1284 3579 6
sample: 3927 1284 3579 6
sample: 3927 1283 3579 6
sample: 3919 1283 3579 6
sample: 3919 1283 3579 9
sample: 3920 1285 3579 4
sample: 3920 1285 3579 8
sample: 3920 1285 3583 8
sample: 3918 1285 3583 8
sample: 3918 1285 3580 6
sample: 3910 1281 3580 6
sample: 3910 1281 3575 10
sample: 3919 1283 3575 10
sample: 3919 1283 3575 2
sample: 3919 1285 3574 2
sample: 3920 1285 3574 2
sample: 3920 1285 3571 10
sample: 3921 1285 3571 10
sample: 3921 1285 3575 6
sample: 3923 1286 3575 6
sample: 3923 1286 3575 0
sample: 3923 1286 3577 0
sample: 3924 1286 3577 0
sample: 3924 1286 3575 0
sample: 3923 1286 3575 0
sample: 3923 1286 3575 1
sample: 3924 1286 3575 1
sample: 3924 1286 3575 0
sample: 3924 1286 3575 0
sample: 3924 1286 3575 0
sample: 3924 1286 3576 6
sample: 3924 1286 3576 6
sample: 3924 1286 3587 0
sample: 3928 1287 3587 0
sample: 3928 1287 3587 0
sample: 3928 1289 3587 0
sample: 3932 1289 3587 0
sample: 3932 1289 3575 4
sample: 3932 1288 3575 4
sample: 3932 1288 3578 0
sample: 3932 1287 3578 0
sample: 3932 1287 3578 0
sample: 3932 1286 3582 0
sample: 3928 1286 3582 0
sample: 3928 1286 3578 2
sample: 3924 1284 3578 2
sample: 3924 1284 3571 6
sample: 3925 1283 3571 6
sample: 3925 1283 3571 0
sample: 3925 1285 3574 0
sample: 3929 1285 3574 0
sample: 3929 1285 3575 0
sample: 3929 1286 3575 0
sample: 3929 1286 3574 3
sample: 3930 1286 3574 3
sample: 3930 1286 3574 7
sample: 3930 1286 3570 7
sample: 3930 1286 3570 7
sample: 3930 1286 3572 3
sample: 3930 1286 3572 3
sample: 3930 1286 3578 6
sample: 3931 1287 3578 6
sample: 3931 1287 3578 5
sample: 3931 1289 3579 5
sample: 3932 1289 3579 5
sample: 3932 1289 3582 5
sample: 3934 1289 3582 5
sample: 3934 1289 3590 0
sample: 3934 1290 3590 0
sample: 3934 1290 3590 3
sample: 3934 1289 3591 3
sample: 3932 1289 3591 3
sample: 3932 1289 3598 5
sample: 3935 1290 3598 5
sample: 3935 1290 3599 2
sample: 3936 1291 3599 2
sample: 3936 1291 3599 2
sample: 3936 1291 3599 2
sample: 3937 1291 3599 2
sample: 3937 1291 3599 5
sample: 3936 1291 3599 5
sample: 3936 1291 3598 3
sample: 3936 1290 3598 3
sample: 3936 1290 3598 4
sample: 3936 1291 3599 4
sample: 3937 1291 3599 4
sample: 3937 1291 3600 6
sample: 3936 1291 3600 6
sample: 3936 1291 3600 0
sample: 3937 1291 3600 0
sample: 3937 1291 3600 3
sample: 3937 1291 3599 3
sample: 3937 1291 3599 3
sample: 3937 1291 3596 4
sample: 3938 1291 3596 4
sample: 3938 1291 3593 4
sample: 3938 1292 3593 4
sample: 3938 1292 3593 2
sample: 3938 1292 3592 2
sample: 3937 1292 3592 2
sample: 3937 1292 3592 8
sample: 3937 1291 3592 8
sample: 3937 1291 3590 0
sample: 3937 1291 3590 0
sample: 3937 1291 3590 0
sample: 3937 1291 3587 0
sample: 3937 1291 3587 0
sample: 3937 1291 3588 1
sample: 3938 1291 3588 1
sample: 3938 1291 3587 0
sample: 3938 1291 3587 0
sample: 3938 1291 3587 4
sample: 3938 1291 3587 4
sample: 3937 1291 3587 4
sample: 3937 1291 3596 3
sample: 3938 1291 3596 3
sample: 3938 1291 3597 3
sample: 3937 1291 3597 3
sample: 3937 1291 3597 5
sample: 3937 1291 3598 5
sample: 3938 1291 3598 5
sample: 3938 1291 3601 2
sample: 3938 1291 3601 2
sample: 3938 1291 3599 0
sample: 3937 1291 3599 0
sample: 3937 1291 3599 2
sample: 3937 1291 3599 2
sample: 3937 1291 3599 2
sample: 3937 1291 3599 2
sample: 3937 1291 3599 2
sample: 3937 1291 3599 6
sample: 3938 1291 3599 6
sample: 3938 1291 3599 2
sample: 3938 1291 3599 2
sample: 3938 1291 3599 2
sample: 3938 1291 3600 2
sample: 3937 1291 3600 2
sample: 3937 1291 3598 9
sample: 3937 1291 3598 9
sample: 3937 1291 3598 0
sample: 3937 1291 3600 0
sample: 3937 1291 3600 0
sample: 3937 1291 3599 5
sample: 3937 1291 3599 5
sample: 3937 1291 3598 0
sample: 3937 1291 3598 0
sample: 3937 1291 3598 0
sample: 3937 1291 3598 0
sample: 3936 1291 3598 0
sample: 3936 1291 3598 11
sample: 3937 1291 3598 11
sample: 3937 1291 3600 0
sample: 3937 1291 3600 0
sample: 3937 1291 3600 0
sample: 3937 1291 3599 0
sample: 3937 1291 3599 0
sample: 3937 1291 3599 0
sample: 3937 1291 3599 0
sample: 3937 1291 3598 3
sample: 3937 1291 3598 3
sample: 3937 1291 3598 0
sample: 3937 1291 3596 0
sample: 3938 1291 3596 0
sample: 3938 1291 3589 3
sample: 3935 1290 3589 3
sample: 3935 1290 3593 10
sample: 3932 1289 3593 10
sample: 3932 1289 3593 5
sample: 3932 1289 3594 5
sample: 3928 1289 3594 5
sample: 3928 1289 3595 2
sample: 3928 1289 3595 2
sample: 3928 1289 3596 1
sample: 3929 1289 3596 1
sample: 3929 1289 3596 5
sample: 3929 1289 3593 5
sample: 3929 1289 3593 5
sample: 3929 1289 3591 9
sample: 3929 1289 3591 9
sample: 3929 1289 3586 6
sample: 3928 1289 3586 6
sample: 3928 1289 3586 0
sample: 3928 1289 3581 0
sample: 3928 1289 3581 0
sample: 3928 1289 3578 4
sample: 3928 1288 3578 4
sample: 3928 1288 3578 0
sample: 3928 1288 3578 0
sample: 3928 1288 3578 3
sample: 3928 1288 3578 3
sample: 3928 1288 3578 3
sample: 3928 1288 3578 7
sample: 3927 1288 3578 7
sample: 3927 1288 3577 0
sample: 3928 1288 3577 0
sample: 3928 1288 3577 0
sample: 3928 1288 3579 0
sample: 3928 1288 3579 0
sample: 3928 1288 3580 4
sample: 3927 1288 3580 4
sample: 3927 1288 3578 4
sample: 3935 1288 3578 4
sample: 3935 1288 3578 8
sample: 3935 1288 3579 8
sample: 3935 1288 3579 8
sample: 3935 1288 3589 4
sample: 3934 1288 3589 4
sample: 3934 1288 3588 7
sample: 3934 1288 3588 7
sample: 3934 1288 3588 5
sample: 3934 1288 3589 5
sample: 3934 1288 3589 5
sample: 3934 1288 3587 11
sample: 3934 1288 3587 11
sample: 3934 1288 3588 7
sample: 3934 1288 3588 7
sample: 3934 1288 3588 9
sample: 3934 1288 3587 9
sample: 3934 1288 3587 9
sample: 3934 1288 3588 0
sample: 3934 1288 3588 0
sample: 3934 1288 3588 0
sample: 3935 1288 3588 0
sample: 3935 1288 3588 3
sample: 3935 1288 3588 3
sample: 3934 1288 3588 3
sample: 3934 1288 3588 4
sample: 3934 1288 3588 4
sample: 3934 1288 3588 6
sample: 3934 1288 3588 6
sample: 3934 1288 3588 13
sample: 3934 1288 3588 13
sample: 3934 1288 3588 13
sample: 3934 1288 3587 4
sample: 3934 1288 3587 4
sample: 3934 1288 3587 0
sample: 3934 1288 3587 0
sample: 3934 1288 3587 5
sample: 3934 1288 3588 5
sample: 3935 1288 3588 5
sample: 3935 1288 3588 1
sample: 3934 1288 3588 1
sample: 3934 1288 3587 0
sample: 3935 1288 3587 0
sample: 3935 1288 3587 7
sample: 3935 1288 3587 7
sample: 3935 1288 3587 7
sample: 3935 1288 3586 3
sample: 3934 1288 3586 3
sample: 3934 1288 3587 0
sample: 3934 1288 3587 0
sample: 3934 1288 3587 0
sample: 3934 1288 3588 0
sample: 3935 1288 3588 0
sample: 3935 1288 3585 0
sample: 3935 1288 3585 0
sample: 3935 1288 3584 10
sample: 3936 1288 3584 10
sample: 3936 1288 3584 4
sample: 3936 1288 3588 4
sample: 3935 1288 3588 4
sample: 3935 1288 3586 0
sample: 3935 1288 3586 0
sample: 3935 1288 3583 3
sample: 3935 1288 3583 3
sample: 3935 1288 3583 3
sample: 3935 1288 3580 3
sample: 3935 1288 3580 3
sample: 3935 1288 3579 0
sample: 3935 1288 3579 0
sample: 3935 1288 3579 1
sample: 3934 1288 3579 1
sample: 3934 1288 3579 0
sample: 3934 1288 3578 0
sample: 3935 1288 3578 0
sample: 3935 1288 3577 0
sample: 3935 1288 3577 0
sample: 3935 1288 3577 0
sample: 3934 1288 3577 0
sample: 3934 1288 3577 0
sample: 3934 1288 3577 0
sample: 3935 1288 3577 0
sample: 3935 1288 3577 0
sample: 3936 1289 3577 0
sample: 3936 1289 3586 4
sample: 3935 1289 3586 4^?

sample: 3935 1289 3586 1
sample: 3935 1289 3583 1
sample: 3934 1289 3583 1
sample: 3934 1289 3591 1
sample: 3936 1289 3591 1
sample: 3936 1289 3590 13
sample: 3940 1289 3590 13
sample: 3940 1289 3590 0
sample: 3940 1289 3580 0
sample: 3940 1289 3580 0
sample: 3940 1289 3567 3
sample: 3932 1285 3567 3
sample: 3932 1285 3431 0
sample: 3635 1225 3431 0
sample: 3635 1225 3431 7
sample: 3635 1235 3438 7
sample: 3807 1235 3438 7
sample: 3807 1235 3452 0
sample: 3792 1233 3452 0
sample: 3792 1233 3395 3
sample: 3637 1209 3395 3
sample: 3637 1209 3395 5
sample: 3637 1260 3496 5
sample: 3833 1260 3496 5
sample: 3833 1260 3551 0
sample: 3831 1271 3551 0
sample: 3831 1271 3559 3
sample: 3909 1278 3559 3
sample: 3909 1278 3559 4
sample: 3909 1264 3502 4
sample: 3873 1264 3502 4
sample: 3873 1264 3585 2
sample: 3921 1282 3585 2
sample: 3921 1282 3557 0
sample: 3921 1251 3557 0
sample: 3921 1251 3557 9
sample: 3921 1280 3558 9
sample: 3929 1280 3558 9
sample: 3929 1280 3588 0
sample: 3935 1287 3588 0
sample: 3935 1287 3589 9
sample: 3920 1286 3589 9
sample: 3920 1286 3589 0
sample: 3920 1274 3537 0
sample: 3187 1274 3537 0
sample: 3187 1274 3579 7
sample: 3925 1283 3579 7
sample: 3925 1283 3578 7
sample: 3920 1276 3578 7
sample: 3920 1276 3578 8
sample: 3920 1272 3559 8
sample: 3912 1272 3559 8
sample: 3912 1272 3569 4
sample: 3919 1271 3569 4
sample: 3919 1271 3579 6
sample: 3929 1286 3579 6
sample: 3929 1286 3579 0
sample: 3929 1287 3584 0
sample: 3928 1287 3584 0
sample: 3928 1287 3580 0
sample: 3926 1286 3580 0
sample: 3926 1286 3576 7
sample: 3922 1277 3576 7
sample: 3922 1277 3576 0
sample: 3922 1285 3584 0
sample: 3790 1285 3584 0
sample: 3790 1285 3557 3
sample: 3915 1283 3557 3
sample: 3915 1283 3582 7
sample: 3933 1285 3582 7
sample: 3933 1285 3582 0
sample: 3933 1274 3562 0
sample: 3924 1274 3562 0
sample: 3924 1274 3534 2
sample: 3907 1268 3534 2
sample: 3907 1268 3462 0
sample: 3794 1237 3462 0
sample: 3794 1237 3462 8
sample: 3794 1279 3554 8
sample: 3914 1279 3554 8
sample: 3914 1279 3561 3
sample: 3902 1278 3561 3
sample: 3902 1278 3553 5
sample: 3875 1275 3553 5
sample: 3875 1275 3553 0
sample: 3875 1280 3563 0
sample: 3899 1280 3563 0
sample: 3899 1280 3562 8
sample: 3895 1279 3562 8
sample: 3895 1279 3569 0
sample: 3891 1278 3569 0
sample: 3891 1278 3569 4
sample: 3891 1277 3567 4
sample: 3871 1277 3567 4
sample: 3871 1277 3486 0
sample: 3708 1242 3486 0
sample: 3708 1242 3474 5
sample: 3862 1256 3474 5
sample: 3862 1256 3474 0
sample: 3862 1247 3495 0
sample: 3823 1247 3495 0
sample: 3823 1247 3492 7
sample: 3817 1247 3492 7
sample: 3817 1247 3448 10
sample: 3752 1227 3448 10
sample: 3752 1227 3448 0
sample: 3752 1200 3379 0
sample: 3672 1200 3379 0
sample: 3672 1200 3381 7
sample: 3712 1204 3381 7
sample: 3712 1204 3403 2
sample: 3799 1223 3403 2
sample: 3799 1223 3403 0
sample: 3799 1267 3495 0
sample: 3902 1267 3495 0
sample: 3902 1267 3516 0
sample: 3904 1269 3516 0
sample: 3904 1269 3509 2
sample: 3882 1263 3509 2
sample: 3882 1263 3509 4
sample: 3882 1240 3485 4
sample: 3816 1240 3485 4
sample: 3816 1240 3452 1
sample: 3784 1229 3452 1
sample: 3784 1229 3482 2
sample: 3838 1252 3482 2
sample: 3838 1252 3482 9
sample: 3838 1273 3555 9
sample: 3873 1273 3555 9
sample: 3873 1273 3567 0
sample: 3889 1278 3567 0
sample: 3889 1278 3574 2
sample: 3904 1281 3574 2
sample: 3904 1281 3574 2
sample: 3904 1285 3584 2
sample: 3923 1285 3584 2
sample: 3923 1285 3591 12
sample: 3927 1287 3591 12
sample: 3927 1287 3593 6
sample: 3931 1287 3593 6
sample: 3931 1287 3593 0
sample: 3931 1288 3598 0
sample: 3933 1288 3598 0
sample: 3933 1288 3594 5
sample: 3931 1288 3594 5
sample: 3931 1288 3592 1
sample: 3924 1287 3592 1
sample: 3924 1287 3592 0
sample: 3924 1286 3591 0
sample: 3921 1286 3591 0
sample: 3921 1286 3587 6
sample: 3909 1283 3587 6
sample: 3909 1283 3578 0
sample: 3902 1282 3578 0
sample: 3902 1282 3578 10
sample: 3902 1280 3572 10
sample: 3896 1280 3572 10
sample: 3896 1280 3566 0
sample: 3891 1277 3566 0
sample: 3891 1277 3427 10
sample: 3799 1234 3427 10
sample: 3799 1234 3427 0
sample: 3799 1276 3544 0
sample: 3913 1276 3544 0
sample: 3913 1276 3525 0
sample: 3920 1252 3525 0
sample: 3920 1252 3540 3
sample: 3926 1247 3540 3
sample: 3926 1247 3540 5
sample: 3926 1278 3560 5
sample: 3931 1278 3560 5
sample: 3931 1278 3582 11
sample: 3934 1285 3582 11
sample: 3934 1285 3572 10
sample: 3882 1282 3572 10
sample: 3882 1282 3572 3
sample: 3882 1287 3588 3
sample: 3934 1287 3588 3
sample: 3934 1287 3592 3
sample: 3936 1288 3592 3
sample: 3936 1288 3592 1
sample: 3936 1287 3592 1
sample: 3936 1287 3592 0
sample: 3936 1283 3592 0
sample: 3937 1283 3592 0
sample: 3937 1283 3595 2
sample: 3938 1288 3595 2
sample: 3938 1288 3596 7
sample: 3939 1289 3596 7
sample: 3939 1289 3596 3
sample: 3939 1289 3596 3
sample: 3940 1289 3596 3
sample: 3940 1289 3593 3
sample: 3938 1288 3593 3
sample: 3938 1288 3593 7
sample: 3939 1289 3593 7
sample: 3939 1289 3593 7
sample: 3939 1289 3596 7
sample: 3940 1289 3596 7
sample: 3940 1289 3596 0
sample: 3941 1289 3596 0
sample: 3941 1289 3595 0
sample: 3940 1289 3595 0
sample: 3940 1289 3595 0
sample: 3940 1289 3592 0
sample: 3938 1289 3592 0
sample: 3938 1289 3592 1
sample: 3938 1289 3592 1
sample: 3938 1289 3595 0
sample: 3940 1289 3595 0
sample: 3940 1289 3595 5
sample: 3940 1289 3594 5
sample: 3938 1289 3594 5
sample: 3938 1289 3592 0
sample: 3935 1288 3592 0
sample: 3935 1288 3591 0
sample: 3937 1288 3591 0
sample: 3937 1288 3591 8
sample: 3937 1289 3595 8
sample: 3939 1289 3595 8
sample: 3939 1289 3595 0
sample: 3939 1289 3595 0
sample: 3939 1289 3596 2
sample: 3939 1289 3596 2
sample: 3939 1289 3596 0
sample: 3939 1289 3597 0
sample: 3940 1289 3597 0
sample: 3940 1289 3596 0
sample: 3940 1289 3596 0
sample: 3940 1289 3598 2
sample: 3941 1289 3598 2
sample: 3941 1289 3598 1
sample: 3941 1289 3597 1
sample: 3940 1289 3597 1
sample: 3940 1289 3595 0
sample: 3939 1289 3595 0
sample: 3939 1289 3593 1
sample: 3939 1289 3593 1
sample: 3939 1289 3593 7
sample: 3939 1289 3587 7
sample: 3939 1289 3587 7
sample: 3939 1289 3588 6
sample: 3940 1289 3588 6
sample: 3940 1289 3587 6
sample: 3940 1289 3587 6
sample: 3940 1289 3587 7
sample: 3940 1289 3588 7
sample: 3940 1289 3588 7
sample: 3940 1289 3587 3
sample: 3940 1289 3587 3
sample: 3940 1289 3587 0
sample: 3940 1289 3587 0
sample: 3940 1289 3587 7
sample: 3940 1289 3587 7
sample: 3939 1289 3587 7
sample: 3939 1289 3585 1
sample: 3937 1289 3585 1
sample: 3937 1289 3594 6
sample: 3938 1289 3594 6
sample: 3938 1289 3594 2
sample: 3938 1289 3594 2
sample: 3938 1289 3594 2
sample: 3938 1289 3596 0
sample: 3939 1289 3596 0
sample: 3939 1289 3598 3
sample: 3940 1290 3598 3
sample: 3940 1290 3598 0
sample: 3940 1289 3597 0
sample: 3940 1289 3597 0
sample: 3940 1289 3596 4
sample: 3938 1289 3596 4
sample: 3938 1289 3596 0
sample: 3938 1289 3596 0
sample: 3938 1289 3596 1
sample: 3938 1288 3593 1
sample: 3936 1288 3593 1
sample: 3936 1288 3592 3
sample: 3934 1288 3592 3
sample: 3934 1288 3591 11
sample: 3931 1285 3591 11
sample: 3931 1285 3591 8
sample: 3931 1282 3589 8
sample: 3930 1282 3589 8
sample: 3930 1282 3581 7
sample: 3927 1282 3581 7
sample: 3927 1282 3577 2
sample: 3926 1283 3577 2
sample: 3926 1283 3577 0
sample: 3926 1281 3576 0
sample: 3924 1281 3576 0
sample: 3924 1281 3562 0
sample: 3898 1269 3562 0
sample: 3898 1269 3541 4
sample: 3745 1270 3541 4
sample: 3745 1270 3541 4
sample: 3745 1272 3551 4
sample: 3911 1272 3551 4
sample: 3911 1272 3561 0
sample: 3911 1272 3561 0
sample: 3911 1272 3557 0
sample: 3889 1271 3557 0
sample: 3889 1271 3557 5
sample: 3889 1271 3554 5
sample: 3911 1271 3554 5
sample: 3911 1271 3563 2
sample: 3915 1270 3563 2
sample: 3915 1270 3574 9
sample: 3924 1272 3574 9
sample: 3924 1272 3574 3
sample: 3924 1283 3579 3
sample: 3927 1283 3579 3
sample: 3927 1283 3579 4
sample: 3927 1284 3579 4
sample: 3927 1284 3579 3
sample: 3928 1284 3579 3
sample: 3928 1284 3579 0
sample: 3928 1284 3578 0
sample: 3928 1284 3578 0
sample: 3928 1284 3574 0
sample: 3927 1284 3574 0
sample: 3927 1284 3569 1
sample: 3927 1284 3569 1
sample: 3927 1284 3569 4
sample: 3927 1284 3568 4
sample: 3929 1284 3568 4
sample: 3929 1284 3568 2
sample: 3929 1285 3568 2
sample: 3929 1285 3568 0
sample: 3928 1285 3568 0
sample: 3928 1285 3568 2
sample: 3928 1285 3568 2
sample: 3928 1285 3568 2
sample: 3928 1285 3569 0
sample: 3929 1286 3569 0
sample: 3929 1286 3570 6
sample: 3929 1286 3570 6
sample: 3929 1286 3570 2
sample: 3929 1284 3572 2
sample: 3928 1284 3572 2
sample: 3928 1284 3576 0
sample: 3931 1280 3576 0
sample: 3931 1280 3589 0
sample: 3929 1286 3589 0
sample: 3929 1286 3589 3
sample: 3929 1285 3576 3
sample: 3926 1285 3576 3
sample: 3926 1285 3589 7
sample: 3935 1287 3589 7
sample: 3935 1287 3590 8
sample: 3934 1287 3590 8
sample: 3934 1287 3590 0
sample: 3934 1248 3548 0
sample: 3925 1248 3548 0
sample: 3925 1248 3554 7
sample: 3864 1274 3554 7
sample: 3864 1274 3506 6
sample: 3900 1268 3506 6
sample: 3900 1268 3506 0
sample: 3900 1282 3579 0
sample: 3910 1282 3579 0
sample: 3910 1282 3571 6
sample: 3896 1279 3571 6
sample: 3896 1279 3578 4
sample: 3909 1283 3578 4
sample: 3909 1283 3578 8
sample: 3909 1283 3583 8
sample: 3907 1283 3583 8
sample: 3907 1283 3585 0
sample: 3916 1284 3585 0
sample: 3916 1284 3596 0
sample: 3930 1288 3596 0
sample: 3930 1288 3596 8
sample: 3930 1288 3594 8
sample: 3931 1288 3594 8
sample: 3931 1288 3595 7
sample: 3928 1288 3595 7
sample: 3928 1288 3595 0
sample: 3929 1288 3595 0
sample: 3929 1288 3595 5
sample: 3929 1289 3596 5
sample: 3936 1289 3596 5
sample: 3936 1289 3596 0
sample: 3934 1289 3596 0
sample: 3934 1289 3597 4
sample: 3931 1288 3597 4
sample: 3931 1288 3597 9
sample: 3931 1288 3599 9
sample: 3931 1288 3599 9
sample: 3931 1288 3599 2
sample: 3932 1288 3599 2
sample: 3932 1288 3600 5
sample: 3932 1288 3600 5
sample: 3932 1288 3600 2
sample: 3932 1289 3598 2
sample: 3933 1289 3598 2
sample: 3933 1289 3598 20
sample: 3932 1288 3598 20
sample: 3932 1288 3595 2
sample: 3934 1289 3595 2
sample: 3934 1289 3595 0
sample: 3934 1289 3594 0
sample: 3933 1289 3594 0
sample: 3933 1289 3595 4
sample: 3934 1289 3595 4
sample: 3934 1289 3590 0
sample: 3934 1289 3590 0
sample: 3934 1289 3590 0
sample: 3934 1289 3589 0
sample: 3933 1289 3589 0
sample: 3933 1289 3589 8
sample: 3933 1289 3589 8
sample: 3933 1289 3587 0
sample: 3932 1288 3587 0
sample: 3932 1288 3587 3
sample: 3932 1289 3589 3
sample: 3933 1289 3589 3
sample: 3933 1289 3589 0
sample: 3932 1288 3589 0
sample: 3932 1288 3590 0
sample: 3933 1289 3590 0
sample: 3933 1289 3590 5
sample: 3933 1291 3594 5
sample: 3943 1291 3594 5
sample: 3943 1291 3609 5
sample: 3946 1293 3609 5
sample: 3946 1293 3611 5
sample: 3947 1293 3611 5
sample: 3947 1293 3611 5
sample: 3947 1293 3610 5
sample: 3948 1293 3610 5
sample: 3948 1293 3612 11
sample: 3948 1293 3612 11
sample: 3948 1293 3611 0
sample: 3948 1293 3611 0
sample: 3948 1293 3611 5
sample: 3948 1293 3611 5
sample: 3948 1293 3611 5
sample: 3948 1293 3610 1
sample: 3949 1293 3610 1
sample: 3949 1293 3609 8
sample: 3948 1293 3609 8
sample: 3948 1293 3609 11
sample: 3948 1293 3609 11
sample: 3948 1293 3609 11
sample: 3948 1293 3609 1
sample: 3948 1293 3609 1
sample: 3948 1293 3610 0
sample: 3948 1293 3610 0
sample: 3948 1293 3610 12
sample: 3948 1293 3610 12
sample: 3948 1293 3610 12
sample: 3948 1293 3609 1
sample: 3949 1293 3609 1
sample: 3949 1293 3610 0
sample: 3948 1293 3610 0
sample: 3948 1293 3610 0
sample: 3948 1293 3612 0
sample: 3948 1293 3612 0
sample: 3948 1293 3611 2
sample: 3949 1293 3611 2
sample: 3949 1293 3612 8
sample: 3948 1293 3612 8
sample: 3948 1293 3612 0
sample: 3948 1293 3611 0
sample: 3948 1293 3611 0
sample: 3948 1293 3611 0
sample: 3948 1293 3611 0
sample: 3948 1293 3611 9
sample: 3948 1293 3611 9
sample: 3948 1293 3611 0
sample: 3948 1293 3610 0
sample: 3950 1293 3610 0
sample: 3950 1293 3607 6
sample: 3949 1293 3607 6
sample: 3949 1293 3608 0
sample: 3948 1293 3608 0
sample: 3948 1293 3608 2
sample: 3948 1293 3608 2
sample: 3949 1293 3608 2
sample: 3949 1293 3610 6
sample: 3949 1293 3610 6
sample: 3949 1293 3611 5
sample: 3949 1293 3611 5
sample: 3949 1293 3611 1
sample: 3949 1293 3611 1
sample: 3949 1293 3611 1
sample: 3949 1293 3612 0
sample: 3950 1293 3612 0
sample: 3950 1293 3611 7
sample: 3949 1293 3611 7
sample: 3949 1293 3611 0
sample: 3949 1293 3610 0
sample: 3948 1293 3610 0
sample: 3948 1293 3609 1
sample: 3948 1293 3609 1
sample: 3948 1293 3607 0
sample: 3949 1293 3607 0
sample: 3949 1293 3607 3
sample: 3949 1293 3603 3
sample: 3949 1293 3603 3
sample: 3949 1293 3601 0
sample: 3949 1293 3601 0
sample: 3949 1293 3601 0
sample: 3949 1293 3601 0
sample: 3949 1293 3601 0
sample: 3949 1293 3603 0
sample: 3949 1293 3603 0
sample: 3949 1293 3603 3
sample: 3949 1293 3603 3
sample: 3949 1293 3603 5
sample: 3949 1293 3603 5
sample: 3949 1293 3603 5
sample: 3949 1292 3599 5
sample: 3947 1292 3599 5
sample: 3947 1292 3598 3
sample: 3946 1292 3598 3
sample: 3946 1292 3594 0
sample: 3945 1292 3594 0
sample: 3945 1292 3594 4
sample: 3945 1291 3604 4
sample: 3943 1291 3604 4
sample: 3943 1291 3600 11
sample: 3937 1287 3600 11
sample: 3937 1287 3595 0
sample: 3936 1286 3595 0
sample: 3936 1286 3595 3
sample: 3936 1283 3594 3
sample: 3922 1283 3594 3
sample: 3922 1283 3596 11
sample: 3936 1288 3596 11
sample: 3936 1288 3594 8
sample: 3936 1288 3594 8
sample: 3936 1288 3594 1
sample: 3936 1288 3579 1
sample: 3937 1288 3579 1
sample: 3937 1288 3580 5
sample: 3937 1287 3580 5
sample: 3937 1287 3589 8
sample: 3932 1286 3589 8
sample: 3932 1286 3589 4
sample: 3932 1284 3583 4
sample: 3922 1284 3583 4
sample: 3922 1284 3572 2
sample: 3894 1279 3572 2
sample: 3894 1279 3564 6
sample: 3863 1274 3564 6
sample: 3863 1274 3564 0
sample: 3863 1276 3569 0
sample: 3887 1276 3569 0
sample: 3887 1276 3493 2
sample: 3837 1257 3493 2
sample: 3837 1257 3473 0
sample: 3801 1251 3473 0
sample: 3801 1251 3473 5
sample: 3801 1237 3425 5
sample: 3758 1237 3425 5
sample: 3758 1237 3428 1
sample: 3646 1188 3428 1
sample: 3646 1188 3304 5
sample: 3430 1126 3304 5
sample: 3430 1126 3304 0
sample: 3430 1112 3244 0
sample: 3346 1112 3244 0
sample: 3346 1112 3213 0
sample: 3394 1115 3213 0
sample: 3394 1115 3535 0
sample: 3189 1191 3535 0
sample: 3189 1191 3535 0
sample: 3189 1098 3337 0
sample: 3560 1098 3337 0
sample: 3560 1098 2966 11
sample: 3358 1012 2966 11
sample: 3358 1012 5223 0
sample: 6519 2280 5223 0
sample: 6519 2280 5223 1
sample: 6519 2970 10633 1
sample: 6464 2970 10633 1
sample: 6464 2970 9781 0
sample: 2692 3023 9781 0
sample: 2692 3023 2443 5
sample: 1731 795 2443 5
sample: 1731 795 2443 6
sample: 1731 1468 3400 6
sample: 4016 1468 3400 6
sample: 4016 1468 3315 5
sample: 2049 1006 3315 5
sample: 2049 1006 4475 0
sample: 7317 2099 4475 0
sample: 7317 2099 4475 1
sample: 7317 1188 3348 1
sample: 2931 1188 3348 1
sample: 2931 1188 3333 7
sample: 3045 1203 3333 7
sample: 3045 1203 3340 0
sample: 3274 1241 3340 0
sample: 3274 1241 3340 0
sample: 3274 1238 3351 0
sample: 3308 1238 3351 0
sample: 3308 1238 3327 8
sample: 3157 1217 3327 8
sample: 3157 1217 3324 9
sample: 3247 1225 3324 9
sample: 3247 1225 3324 0
sample: 3247 1233 3348 0
sample: 3270 1233 3348 0
sample: 3270 1233 3342 2
sample: 3104 1212 3342 2
sample: 3104 1212 3054 1
sample: 2707 1085 3054 1
sample: 2707 1085 3054 1
sample: 2707 1224 3321 1
sample: 3315 1224 3321 1
sample: 3315 1224 3393 6
sample: 3306 1241 3393 6
sample: 3306 1241 3407 0
sample: 3337 1248 3407 0
sample: 3337 1248 3407 0
sample: 3337 1252 3423 0
sample: 3362 1252 3423 0
sample: 3362 1252 3433 0
sample: 3385 1257 3433 0
sample: 3385 1257 3433 0
sample: 3385 1257 3433 0
sample: 3385 1257 3433 0
sample: 3385 1257 3433 0
sample: 3385 1257 3433 0
sample: 3385 1257 3433 0
sample: 3385 1257 3433 0
sample: 3385 1257 3433 0
sample: 3385 1257 3433 0
sample: 3385 1257 3433 0
sample: 3385 1257 3433 0
sample: 3385 1257 3433 0
sample: 3385 1257 3433 0
sample: 3385 1257 3433 0
sample: 3385 1257 3433 0
sample: 3385 1257 3433 0
sample: 3385 1257 3433 0
sample: 3385 1257 3433 0
sample: 3385 1257 3433 0
sample: 3385 1257 3433 0
sample: 3385 1257 3433 0
sample: 3385 1257 3433 0
sample: 3385 1257 3433 0
sample: 3385 1257 3433 0
sample: 3385 1257 3433 0
sample: 3385 1257 3433 0
sample: 3385 1257 3433 0
sample: 3385 1257 3433 0
sample: 3385 1257 3433 0
sample: 3385 1257 3433 0
sample: 3385 1257 3433 0
sample: 3385 1257 3433 0
sample: 3385 1257 3433 0
sample: 3385 1257 3433 0
sample: 3385 1257 3433 0
sample: 3385 1257 3433 0
sample: 3385 1257 3433 0
sample: 3385 1257 3433 0
sample: 3385 1257 3433 0
sample: 3385 1257 3433 0
sample: 3385 1257 3433 0
sample: 3385 1257 3433 0
sample: 3385 1257 3433 0